25
7
256
296
180
24
35
151
218
230
43
124
284
0
213
152
125
87
28
164
12
298
264
190
183
181
142
262
289
8
100
39
50
97
166
275
196
216
132
45
14
203
254
297
90
193
29
148
261
3
104
44
136
67
71
128
5
85
228
61
249
233
201
42
102
17
281
244
243
120
52
167
107
79
106
137
273
70
237
53
171
37
129
204
173
76
278
301
179
255
150
2
121
274
185
295
95
113
4
117
227
239
217
186
223
248
48
81
69
56
75
126
65
74
143
145
115
247
194
96
300
19
77
105
139
133
220
153
175
30
189
23
236
304
64
118
146
206
94
89
197
195
192
253
176
103
20
205
187
170
292
283
224
211
246
234
140
41
62
202
130
84
276
78
68
200
122
285
188
221
214
286
144
31
127
9
174
207
245
80
156
226
184
258
138
47
222
177
267
302
51
49
112
66
219
270
162
299
259
279
225
109
18
10
158
6
282
72
147
98
168
272
34
60
108
182
21
191
141
235
212
271
22
159
303
92
208
232
134
86
169
114
293
209
263
27
210
161
131
54
165
15
155
313
118
44
567
569
34
379
15
339
29
481
540
251
127
243
112
70
425
298
471
45
323
352
13
512
434
3
399
259
221
456
522
6
145
137
398
253
476
133
367
263
445
500
216
335
593
446
490
536
387
279
59
351
270
402
284
200
392
220
236
422
452
562
311
465
390
114
60
484
193
364
433
349
183
119
169
489
573
122
598
464
480
16
506
163
218
325
524
22
81
191
160
188
309
12
576
447
4
454
587
246
539
322
531
23
91
460
63
424
69
9
290
581
423
171
357
222
408
372
505
83
405
149
485
232
130
303
371
363
180
559
591
397
330
440
139
548
109
494
196
166
17
477
300
321
48
209
238
68
157
231
451
8
62
407
92
353
278
521
229
264
24
557
55
42
136
227
491
510
190
518
46
77
462
362
443
461
472
249
354
302
305
332
120
207
75
86
543
538
101
181
210
487
340
192
224
167
73
152
265
213
107
570
49
444
346
412
430
289
18
95
11
449
255
437
96
551
168
94
381
533
556
361
125
65
307
132
319
25
135
391
310
475
176
151
161
245
375
314
554
93
178
595
549
534
150
239
594
502
453
519
320
578
483
389
585
208
223
344
419
58
248
31
455
382
56
432
205
7
378
295
333
199
97
113
370
555
172
347
384
482
547
271
525
441
64
590
211
262
117
326
297
369
185
468
203
478
88
403
342
493
584
529
187
10
301
414
563
252
129
420
572
436
421
345
138
589
260
154
413
261
360
247
337
463
123
282
511
141
276
416
599
400
329
541
0
385
495
189
393
110
577
170
504
546
38
358
537
43
359
418
40
355
377
350
574
2
174
516
467
499
256
184
552
507
115
104
317
275
566
158
331
28
177
26
57
528
474
20
470
334
458
429
197
596
50
35
588
156
230
14
411
580
586
79
47
565
134
235
296
527
198
315
336
175
560
417
39
98
148
103
153
380
131
479
140
509
52
277
30
90
597
19
215
498
201
53
80
32
106
427
228
268
415
373
242
143
217
89
266
304
450
202
142
179
61
306
274
78
457
244
492
473
438
395
600
508
54
66
108
348
204
526
312
269
497
386
488
99
144
51
294
111
542
299
316
128
292
544
328
