0 0.45 0.5619047619047619 0.1 0.2285714285714286
0 0.87875 0.6261904761904763 0.10250000000000001 0.23333333333333336
2 0.60875 0.65 0.08750000000000001 0.22380952380952382
2 0.1975 0.5785714285714286 0.07 0.1761904761904762
2 0.34125 0.5238095238095238 0.0775 0.1904761904761905
2 0.19 0.39761904761904765 0.08 0.16666666666666669
2 0.12375 0.28095238095238095 0.0775 0.1619047619047619
2 0.2475 0.25238095238095243 0.065 0.17142857142857143
2 0.54 0.2833333333333334 0.055 0.16666666666666669
2 0.96 0.3404761904761905 0.055 0.14761904761904762
2 0.6975 0.15476190476190477 0.05 0.11904761904761905
2 0.63 0.480952380952381 0.08 0.1523809523809524
2 0.4825 0.2690476190476191 0.055 0.1285714285714286
2 0.88 0.19285714285714287 0.045 0.11904761904761905
2 0.7575000000000001 0.17857142857142858 0.05 0.10952380952380954
