0 0.70875 0.3561946902654867 0.0725 0.12831858407079647
0 0.65125 0.33628318584070793 0.0425 0.10619469026548672
0 0.44125000000000003 0.49336283185840707 0.0775 0.13716814159292035
0 0.34125 0.28982300884955753 0.0675 0.14601769911504425
0 0.40125 0.26327433628318586 0.0625 0.11946902654867256
0 0.16125 0.3053097345132743 0.0675 0.1327433628318584
0 0.075 0.25663716814159293 0.075 0.1592920353982301
0 0.56 0.26991150442477874 0.045 0.12389380530973451
0 0.47000000000000003 0.2654867256637168 0.04 0.09734513274336283
0 0.52 0.24778761061946902 0.04 0.1327433628318584
0 0.93875 0.24778761061946902 0.0475 0.10619469026548672
0 0.8825000000000001 0.22787610619469026 0.05 0.11061946902654868
0 0.7575000000000001 0.2411504424778761 0.055 0.10176991150442477
2 0.805 0.24778761061946902 0.045 0.09734513274336283
0 0.6075 0.29867256637168144 0.04 0.11946902654867256
0 0.2925 0.21460176991150443 0.045 0.09292035398230089
