0 0.3675 0.4177777777777778 0.105 0.21333333333333332
0 0.37625000000000003 0.23777777777777778 0.0975 0.13777777777777778
0 0.655 0.6533333333333333 0.08 0.20444444444444446
0 0.58625 0.5088888888888888 0.0625 0.15555555555555556
0 0.88875 0.3244444444444444 0.0325 0.07111111111111111
0 0.93875 0.8911111111111111 0.1075 0.2088888888888889
2 0.51 0.20444444444444446 0.04 0.08888888888888889
2 0.76 0.19111111111111112 0.05 0.08
2 0.93 0.35333333333333333 0.035 0.10222222222222223
2 0.94125 0.4822222222222222 0.0475 0.1111111111111111
1 0.27 0.2311111111111111 0.05 0.08888888888888889
0 0.6975 0.25555555555555554 0.045 0.08444444444444445
