1 0.11375 0.4868913857677903 0.1525 0.299625468164794
0 0.4275 0.6348314606741573 0.145 0.2883895131086142
0 0.67 0.7958801498127341 0.145 0.27340823970037453
0 0.81875 0.7303370786516854 0.11750000000000001 0.21722846441947566
0 0.545 0.752808988764045 0.085 0.2247191011235955
0 0.72 0.41385767790262173 0.065 0.12359550561797752
0 0.65375 0.4363295880149813 0.0625 0.15355805243445694
0 0.46625 0.4101123595505618 0.0675 0.11610486891385768
0 0.5025000000000001 0.35767790262172283 0.055 0.12359550561797752
0 0.55625 0.31647940074906367 0.0475 0.10861423220973783
0 0.6025 0.21161048689138576 0.055 0.07865168539325842
0 0.67625 0.17415730337078653 0.0325 0.08614232209737828
0 0.735 0.11610486891385768 0.035 0.06741573033707865
0 0.52875 0.1947565543071161 0.0475 0.0749063670411985
0 0.57625 0.14606741573033707 0.0325 0.0599250936329588
0 0.87875 0.13295880149812733 0.0325 0.056179775280898875
