0 0.70875 0.36704119850187267 0.0825 0.1348314606741573
0 0.8825000000000001 0.2640449438202247 0.075 0.13857677902621723
0 0.6325000000000001 0.2209737827715356 0.09 0.149812734082397
0 0.3825 0.4101123595505618 0.065 0.11610486891385768
0 0.4275 0.3258426966292135 0.06 0.1198501872659176
0 0.26875 0.2958801498127341 0.0525 0.10486891385767791
0 0.3325 0.3333333333333333 0.05 0.10486891385767791
0 0.0375 0.35767790262172283 0.075 0.26591760299625467
0 0.1975 0.299625468164794 0.04 0.0599250936329588
0 0.095 0.29775280898876405 0.05 0.10112359550561797
