0 0.59 0.6460176991150443 0.11 0.17699115044247787
0 0.765 0.4070796460176991 0.09 0.1504424778761062
0 0.9525 0.1836283185840708 0.07 0.1902654867256637
0 0.26875 0.2942477876106195 0.1125 0.2079646017699115
0 0.08750000000000001 0.4579646017699115 0.13 0.24336283185840707
0 0.085 0.2168141592920354 0.045 0.12389380530973451
0 0.33125 0.07964601769911504 0.0525 0.11504424778761062
0 0.455 0.3163716814159292 0.065 0.16371681415929204
0 0.50875 0.24336283185840707 0.0625 0.1327433628318584
0 0.6075 0.2654867256637168 0.07 0.12389380530973451
0 0.8225 0.11061946902654868 0.04 0.08849557522123894
0 0.605 0.04424778761061947 0.055 0.08849557522123894
0 0.7125 0.07964601769911504 0.05 0.08849557522123894
