0 0.50875 0.2791164658634538 0.0575 0.14056224899598393
0 0.83875 0.2369477911646586 0.0625 0.1285140562248996
0 0.94125 0.21686746987951805 0.0725 0.15261044176706826
0 0.6875 0.2690763052208835 0.07 0.1365461847389558
0 0.74875 0.26305220883534136 0.0475 0.1325301204819277
0 0.56875 0.23493975903614456 0.0525 0.15662650602409636
0 0.45 0.2108433734939759 0.065 0.11646586345381525
0 0.39125 0.2911646586345381 0.0625 0.11646586345381525
0 0.30875 0.2891566265060241 0.0675 0.12048192771084336
0 0.23375 0.33534136546184734 0.0625 0.11646586345381525
0 0.11125 0.24096385542168672 0.0675 0.14457831325301204
0 0.045 0.251004016064257 0.05 0.12449799196787148
0 0.2775 0.142570281124498 0.06 0.10843373493975902
0 0.3425 0.1827309236947791 0.055 0.12449799196787148
