0 0.20375000000000001 0.848314606741573 0.1625 0.250936329588015
0 0.76125 0.7584269662921348 0.0925 0.19101123595505617
0 0.81875 0.4700374531835206 0.10250000000000001 0.16853932584269662
0 0.67875 0.3970037453183521 0.08750000000000001 0.1797752808988764
0 0.4925 0.3389513108614232 0.075 0.1310861423220974
2 0.06125 0.4737827715355805 0.0975 0.16104868913857678
2 0.15625 0.6161048689138577 0.0975 0.1310861423220974
2 0.2225 0.46254681647940077 0.07 0.15355805243445694
2 0.56375 0.24157303370786518 0.0575 0.11610486891385768
2 0.63125 0.10486891385767791 0.0725 0.1198501872659176
2 0.86375 0.12359550561797752 0.0575 0.11235955056179775
2 0.23375 0.10674157303370786 0.0625 0.12359550561797752
2 0.0825 0.10674157303370786 0.06 0.12359550561797752
2 0.4375 0.12921348314606743 0.065 0.10861423220973783
2 0.2575 0.2621722846441948 0.05 0.11235955056179775
2 0.36375 0.6385767790262172 0.11750000000000001 0.2209737827715356
2 0.64125 0.6441947565543071 0.1075 0.16479400749063672
0 0.325 0.19101123595505617 0.06 0.0898876404494382
0 0.14250000000000002 0.06741573033707865 0.06 0.11235955056179775
0 0.305 0.04119850187265918 0.06 0.08239700374531836
0 0.4925 0.09363295880149813 0.065 0.1348314606741573
2 0.975 0.08239700374531836 0.045 0.09737827715355805
0 0.92625 0.2902621722846442 0.0775 0.12359550561797752
2 0.745 0.2621722846441948 0.065 0.09737827715355805
