0 0.90125 0.31086142322097376 0.0325 0.0898876404494382
0 0.8300000000000001 0.27715355805243447 0.05 0.11235955056179775
0 0.70375 0.28651685393258425 0.0475 0.10861423220973783
0 0.545 0.20786516853932585 0.05 0.08614232209737828
0 0.59 0.21910112359550563 0.055 0.09363295880149813
0 0.41125 0.2247191011235955 0.0675 0.10486891385767791
0 0.39375 0.3539325842696629 0.0625 0.09363295880149813
0 0.27125 0.2397003745318352 0.0675 0.09737827715355805
0 0.14875 0.2940074906367041 0.0575 0.10112359550561797
0 0.085 0.26591760299625467 0.06 0.10486891385767791
