0 0.52125 0.4408163265306123 0.0325 0.05714285714285715
0 0.4375 0.2959183673469388 0.03 0.06122448979591837
0 0.52 0.09591836734693879 0.035 0.05306122448979592
0 0.47250000000000003 0.10204081632653061 0.03 0.05714285714285715
2 0.63875 0.9367346938775512 0.0375 0.07755102040816328
2 0.48625 0.9244897959183674 0.0425 0.07755102040816328
2 0.465 0.6428571428571429 0.05 0.06938775510204082
2 0.555 0.6571428571428573 0.035 0.0653061224489796
2 0.5962500000000001 0.7163265306122449 0.0325 0.06938775510204082
2 0.64125 0.7081632653061225 0.0375 0.06938775510204082
2 0.73625 0.663265306122449 0.0425 0.06122448979591837
2 0.6525 0.5469387755102041 0.04 0.0653061224489796
2 0.74125 0.5204081632653061 0.0425 0.06938775510204082
2 0.7262500000000001 0.4142857142857143 0.0475 0.06122448979591837
2 0.64 0.33673469387755106 0.04 0.06122448979591837
2 0.58875 0.2448979591836735 0.0325 0.07346938775510205
2 0.5475 0.2285714285714286 0.03 0.05714285714285715
2 0.56 0.3673469387755102 0.045 0.0489795918367347
2 0.5475 0.48367346938775513 0.04 0.06938775510204082
2 0.43 0.5775510204081633 0.045 0.05306122448979592
2 0.45125 0.3918367346938776 0.0225 0.0653061224489796
2 0.47125 0.3346938775510204 0.0175 0.07346938775510205
2 0.2125 0.25510204081632654 0.045 0.06938775510204082
2 0.20625000000000002 0.1306122448979592 0.0375 0.0653061224489796
2 0.225 0.05714285714285715 0.03 0.0489795918367347
2 0.115 0.10816326530612246 0.035 0.06938775510204082
2 0.06875 0.27755102040816326 0.0375 0.0816326530612245
2 0.058750000000000004 0.43469387755102046 0.0525 0.08571428571428572
2 0.045 0.5632653061224491 0.04 0.0653061224489796
2 0.1675 0.5204081632653061 0.05 0.07755102040816328
2 0.14875 0.6734693877551021 0.0475 0.0816326530612245
2 0.13375 0.8979591836734695 0.0575 0.07346938775510205
2 0.035 0.6673469387755102 0.05 0.08571428571428572
2 0.16375 0.43061224489795924 0.0375 0.06938775510204082
2 0.20125 0.3816326530612245 0.0475 0.07755102040816328
2 0.45625 0.2 0.0375 0.05714285714285715
2 0.455 0.14081632653061227 0.04 0.06122448979591837
2 0.6175 0.14285714285714288 0.045 0.07346938775510205
2 0.805 0.9571428571428572 0.035 0.07755102040816328
2 0.77 0.7979591836734694 0.04 0.06938775510204082
2 0.615 0.5081632653061225 0.035 0.06938775510204082
2 0.70625 0.2693877551020408 0.0275 0.0653061224489796
2 0.71875 0.17346938775510207 0.0325 0.05306122448979592
