0 0.75625 0.2835820895522388 0.0725 0.11194029850746269
0 0.6425 0.2947761194029851 0.055 0.11194029850746269
0 0.48875 0.2873134328358209 0.0725 0.12686567164179105
0 0.37125 0.2630597014925373 0.0575 0.10820895522388059
0 0.3 0.2555970149253731 0.065 0.10820895522388059
0 0.13125 0.3805970149253731 0.0325 0.05970149253731343
0 0.0575 0.7014925373134329 0.075 0.08955223880597014
0 0.9712500000000001 0.376865671641791 0.0375 0.07462686567164178
2 0.9775 0.4888059701492537 0.04 0.08208955223880597
2 0.04625 0.4869402985074627 0.0325 0.07835820895522388
0 0.0425 0.39179104477611937 0.045 0.08208955223880597
