0 0.52375 0.48876404494382025 0.0625 0.16104868913857678
0 0.6062500000000001 0.6104868913857678 0.08750000000000001 0.1348314606741573
0 0.80125 0.6254681647940075 0.08750000000000001 0.12734082397003746
0 0.91 0.5337078651685393 0.13 0.15355805243445694
0 0.8575 0.2696629213483146 0.095 0.15730337078651685
0 0.7075 0.20599250936329588 0.105 0.17228464419475656
0 0.46125 0.22846441947565543 0.0725 0.11235955056179775
0 0.3625 0.5767790262172284 0.115 0.12734082397003746
0 0.14250000000000002 0.50187265917603 0.11 0.1348314606741573
0 0.19 0.20037453183520598 0.085 0.12359550561797752
0 0.31 0.19850187265917604 0.075 0.1198501872659176
0 0.06 0.20599250936329588 0.1 0.12734082397003746
