0 0.785 0.6723300970873786 0.105 0.2087378640776699
0 0.425 0.8713592233009708 0.115 0.2378640776699029
0 0.26125 0.9150485436893203 0.1075 0.16019417475728154
0 0.095 0.5533980582524272 0.095 0.21359223300970873
0 0.20625000000000002 0.5048543689320388 0.08750000000000001 0.21359223300970873
0 0.30875 0.5825242718446602 0.11750000000000001 0.21359223300970873
0 0.42125 0.3543689320388349 0.0825 0.17475728155339804
0 0.5175 0.3810679611650485 0.095 0.16019417475728154
0 0.5962500000000001 0.308252427184466 0.0775 0.19902912621359223
0 0.75625 0.41504854368932037 0.0775 0.13106796116504854
0 0.8462500000000001 0.3349514563106796 0.0675 0.16504854368932037
0 0.9525 0.41019417475728154 0.09 0.2087378640776699
0 0.9237500000000001 0.18203883495145629 0.0775 0.1699029126213592
0 0.6587500000000001 0.12135922330097086 0.0675 0.1262135922330097
0 0.33875 0.2402912621359223 0.0725 0.16019417475728154
0 0.13625 0.1116504854368932 0.0675 0.16504854368932037
0 0.055 0.2621359223300971 0.085 0.16504854368932037
1 0.3525 0.04368932038834951 0.065 0.08737864077669902
0 0.43 0.04854368932038834 0.08 0.09708737864077668
0 0.2575 0.04126213592233009 0.06 0.08252427184466019
2 0.5275 0.08009708737864077 0.075 0.12135922330097086
0 0.9375 0.04854368932038834 0.085 0.09708737864077668
