0 0.5337500000000001 0.6483333333333334 0.08750000000000001 0.15000000000000002
1 0.76875 0.5266666666666667 0.11750000000000001 0.16
0 0.55625 0.4466666666666667 0.08750000000000001 0.12666666666666668
0 0.465 0.4633333333333334 0.085 0.11333333333333334
0 0.34375 0.2 0.11750000000000001 0.2066666666666667
0 0.495 0.2833333333333333 0.05 0.07333333333333333
2 0.57625 0.3016666666666667 0.0325 0.05666666666666667
2 0.40875 0.3066666666666667 0.0475 0.06666666666666667
2 0.09 0.2316666666666667 0.08 0.11666666666666667
2 0.9775 0.275 0.04 0.06333333333333334
