0 0.84125 0.6133333333333333 0.14250000000000002 0.35555555555555557
0 0.94625 0.7244444444444444 0.0675 0.24
0 0.4575 0.6155555555555555 0.08 0.16444444444444445
0 0.39875 0.42666666666666664 0.0525 0.14222222222222222
0 0.20125 0.42444444444444446 0.0575 0.16444444444444445
0 0.09125 0.5444444444444444 0.0575 0.08444444444444445
0 0.0325 0.43555555555555553 0.05 0.09777777777777778
0 0.32 0.4688888888888889 0.04 0.09333333333333334
0 0.2575 0.3377777777777778 0.025 0.06222222222222222
0 0.11375 0.3688888888888889 0.0225 0.044444444444444446
0 0.59125 0.4622222222222222 0.0375 0.08888888888888889
0 0.68375 0.49777777777777776 0.0475 0.08888888888888889
0 0.63875 0.4022222222222222 0.0425 0.057777777777777775
0 0.3225 0.35333333333333333 0.025 0.04
0 0.29875 0.3844444444444444 0.0275 0.04888888888888889
