0 0.62875 0.3582089552238806 0.0525 0.11194029850746269
0 0.76875 0.19962686567164178 0.0575 0.07835820895522388
0 0.6825 0.13805970149253732 0.055 0.09701492537313433
0 0.5575 0.16791044776119401 0.06 0.1044776119402985
0 0.4325 0.09888059701492537 0.065 0.13059701492537312
0 0.335 0.2294776119402985 0.04 0.09328358208955223
0 0.24375 0.20522388059701493 0.0725 0.11194029850746269
0 0.13 0.19402985074626866 0.035 0.1044776119402985
0 0.87 0.2294776119402985 0.06 0.07835820895522388
0 0.9712500000000001 0.15111940298507462 0.0525 0.07835820895522388
0 0.83625 0.22014925373134328 0.0325 0.05970149253731343
