0 0.505 0.8816666666666667 0.08 0.11666666666666667
0 0.32375 0.8400000000000001 0.0825 0.11333333333333334
0 0.21375 0.8133333333333334 0.0825 0.10666666666666667
0 0.08125 0.8183333333333334 0.0825 0.09000000000000001
0 0.785 0.76 0.085 0.08666666666666667
0 0.665 0.65 0.075 0.08666666666666667
0 0.54625 0.67 0.0625 0.1
0 0.40625 0.6366666666666667 0.0625 0.08
0 0.23500000000000001 0.5816666666666667 0.04 0.09666666666666668
0 0.19 0.5650000000000001 0.055 0.08333333333333334
0 0.11750000000000001 0.5633333333333334 0.065 0.1
0 0.34875 0.4166666666666667 0.0625 0.07333333333333333
0 0.46625 0.4733333333333334 0.0575 0.08
0 0.57125 0.48333333333333334 0.0425 0.08
0 0.71875 0.4916666666666667 0.0475 0.08333333333333334
0 0.845 0.49833333333333335 0.05 0.08333333333333334
0 0.9712500000000001 0.555 0.0525 0.07666666666666667
0 0.9625 0.35000000000000003 0.055 0.06666666666666667
0 0.80875 0.31333333333333335 0.0475 0.060000000000000005
0 0.72 0.305 0.04 0.08333333333333334
0 0.64625 0.29500000000000004 0.0525 0.07
0 0.5387500000000001 0.25 0.0425 0.07333333333333333
0 0.47500000000000003 0.2516666666666667 0.055 0.07666666666666667
0 0.37 0.21000000000000002 0.05 0.07333333333333333
0 0.28750000000000003 0.22666666666666668 0.04 0.06666666666666667
0 0.2575 0.42000000000000004 0.045 0.06666666666666667
0 0.12875 0.38833333333333336 0.0675 0.06333333333333334
0 0.02125 0.38833333333333336 0.0425 0.06333333333333334
0 0.01625 0.5383333333333333 0.0325 0.07
0 0.0825 0.2 0.04 0.08
0 0.0175 0.18000000000000002 0.035 0.08
0 0.1675 0.19666666666666668 0.045 0.07333333333333333
0 0.2025 0.13 0.045 0.060000000000000005
0 0.32625 0.14 0.0425 0.06666666666666667
0 0.47625 0.11833333333333335 0.0475 0.05666666666666667
0 0.5650000000000001 0.14333333333333334 0.05 0.07333333333333333
0 0.63875 0.060000000000000005 0.0375 0.05333333333333334
0 0.7375 0.06666666666666667 0.05 0.060000000000000005
0 0.69125 0.165 0.0375 0.07
0 0.7825 0.15166666666666667 0.06 0.06333333333333334
0 0.81 0.055 0.04 0.06333333333333334
0 0.9 0.18166666666666667 0.04 0.09000000000000001
0 0.9762500000000001 0.195 0.0425 0.09666666666666668
0 0.4425 0.05333333333333334 0.045 0.060000000000000005
0 0.50625 0.058333333333333334 0.0475 0.07
0 0.3725 0.04 0.045 0.07333333333333333
0 0.29 0.03166666666666667 0.055 0.05666666666666667
0 0.01625 0.085 0.0325 0.043333333333333335
0 0.11 0.11333333333333334 0.035 0.04666666666666667
0 0.59375 0.025 0.0325 0.05
