0 0.50875 0.34269662921348315 0.0625 0.10112359550561797
0 0.625 0.2602996254681648 0.06 0.09363295880149813
0 0.4025 0.14232209737827717 0.055 0.06741573033707865
0 0.25375000000000003 0.27153558052434457 0.0525 0.07865168539325842
0 0.07875 0.21910112359550563 0.0525 0.09363295880149813
0 0.18625 0.10299625468164794 0.0425 0.07865168539325842
0 0.365 0.08801498127340825 0.04 0.06367041198501873
0 0.455 0.06928838951310862 0.035 0.07865168539325842
0 0.5175 0.0749063670411985 0.04 0.08239700374531836
0 0.74875 0.056179775280898875 0.0375 0.06741573033707865
0 0.9500000000000001 0.08426966292134831 0.045 0.06367041198501873
0 0.665 0.1310861423220974 0.035 0.0749063670411985
0 0.59875 0.024344569288389514 0.0375 0.04868913857677903
2 0.5925 0.10112359550561797 0.03 0.052434456928838954
2 0.4175 0.056179775280898875 0.035 0.0449438202247191
2 0.87875 0.05056179775280899 0.0275 0.04119850187265918
2 0.69125 0.0655430711610487 0.0325 0.04119850187265918
2 0.63 0.02247191011235955 0.025 0.0449438202247191
