2 0.8875000000000001 0.7234513274336283 0.095 0.14601769911504425
2 0.25875 0.7964601769911505 0.0725 0.1504424778761062
2 0.1875 0.6703539823008849 0.075 0.15486725663716813
2 0.13625 0.44469026548672563 0.0625 0.12831858407079647
2 0.27 0.34513274336283184 0.05 0.07079646017699115
2 0.23375 0.17920353982300885 0.0525 0.10176991150442477
2 0.13625 0.2831858407079646 0.0525 0.11504424778761062
2 0.61875 0.19911504424778761 0.0575 0.10619469026548672
2 0.67875 0.1172566371681416 0.0375 0.09292035398230089
2 0.75375 0.24336283185840707 0.0575 0.10619469026548672
2 0.73 0.14601769911504425 0.05 0.07964601769911504
2 0.5675 0.12389380530973451 0.045 0.08849557522123894
2 0.43125 0.8252212389380531 0.0425 0.15486725663716813
0 0.3625 0.8473451327433629 0.09 0.2079646017699115
0 0.46 0.6039823008849557 0.06 0.14601769911504425
0 0.61375 0.8783185840707964 0.0975 0.18141592920353983
2 0.47625 0.7920353982300885 0.0575 0.12389380530973451
0 0.70125 0.7522123893805309 0.0625 0.19469026548672566
0 0.75625 0.5088495575221239 0.0675 0.1327433628318584
0 0.8375 0.49336283185840707 0.085 0.09292035398230089
0 0.6425 0.5331858407079646 0.08 0.17256637168141592
0 0.5575 0.5022123893805309 0.07 0.11946902654867256
0 0.68 0.38716814159292035 0.06 0.10176991150442477
0 0.45875 0.4358407079646018 0.0725 0.12831858407079647
0 0.365 0.33185840707964603 0.06 0.11504424778761062
0 0.3075 0.2588495575221239 0.04 0.10176991150442477
0 0.2175 0.2721238938053097 0.055 0.0752212389380531
0 0.1275 0.6128318584070797 0.045 0.12831858407079647
0 0.5437500000000001 0.28982300884955753 0.0675 0.08407079646017698
0 0.4375 0.23893805309734512 0.03 0.08849557522123894
0 0.4575 0.18584070796460178 0.045 0.10619469026548672
0 0.51375 0.18141592920353983 0.0425 0.12389380530973451
0 0.81875 0.1084070796460177 0.0325 0.10176991150442477
2 0.365 0.17035398230088494 0.04 0.09292035398230089
