2 0.74875 0.12443438914027151 0.0275 0.07692307692307693
0 0.16375 0.6244343891402715 0.0675 0.1719457013574661
0 0.33875 0.4864253393665159 0.0625 0.15837104072398192
0 0.5700000000000001 0.40723981900452494 0.07 0.15384615384615385
0 0.4175 0.30090497737556565 0.06 0.11312217194570137
0 0.5425 0.24434389140271495 0.05 0.11764705882352942
0 0.6525 0.22624434389140274 0.05 0.14479638009049775
0 0.23625000000000002 0.13574660633484165 0.0425 0.0995475113122172
0 0.2625 0.08823529411764706 0.04 0.10407239819004525
0 0.5575 0.07013574660633484 0.03 0.06787330316742082
0 0.81375 0.14253393665158373 0.0425 0.10407239819004525
0 0.8462500000000001 0.04072398190045249 0.0375 0.08144796380090498
0 0.65625 0.09728506787330318 0.0425 0.09502262443438915
0 0.785 0.03393665158371041 0.03 0.05882352941176471
0 0.45375 0.0497737556561086 0.0275 0.06334841628959277
0 0.3975 0.029411764705882356 0.025 0.05882352941176471
