0 0.13875 0.22693726937269373 0.0675 0.0996309963099631
0 0.1975 0.21955719557195572 0.05 0.09225092250922509
0 0.33375 0.2287822878228782 0.0575 0.06642066420664207
0 0.41125 0.24907749077490773 0.0625 0.0996309963099631
0 0.49375 0.24169741697416974 0.0625 0.1070110701107011
0 0.615 0.23247232472324722 0.05 0.11808118081180811
0 0.745 0.25461254612546125 0.055 0.1033210332103321
0 0.80625 0.28044280442804426 0.0625 0.11070110701107011
0 0.90125 0.16236162361623616 0.0625 0.08856088560885608
0 0.69875 0.3044280442804428 0.0325 0.06273062730627306
