0 0.7312500000000001 0.14222222222222222 0.0825 0.1511111111111111
0 0.83375 0.18888888888888888 0.0825 0.1288888888888889
0 0.6425 0.13555555555555557 0.065 0.1111111111111111
0 0.545 0.38222222222222224 0.07 0.12444444444444444
0 0.38875 0.22666666666666666 0.0925 0.1511111111111111
0 0.51375 0.2311111111111111 0.0775 0.1511111111111111
0 0.40625 0.07555555555555556 0.0625 0.09777777777777778
0 0.16125 0.07333333333333333 0.0575 0.10222222222222223
0 0.0475 0.11333333333333333 0.05 0.09333333333333334
0 0.30375 0.88 0.1325 0.2311111111111111
0 0.56 0.9022222222222223 0.17 0.18666666666666668
0 0.275 0.03333333333333333 0.025 0.06666666666666667
0 0.20500000000000002 0.04 0.04 0.08
2 0.2275 0.1111111111111111 0.035 0.08
