2 0.875 0.4866666666666667 0.04 0.060000000000000005
2 0.6575 0.41000000000000003 0.035 0.05333333333333334
2 0.72 0.44333333333333336 0.05 0.06666666666666667
2 0.83875 0.4516666666666667 0.0225 0.03666666666666667
2 0.61625 0.42833333333333334 0.0475 0.05666666666666667
2 0.46875 0.4116666666666667 0.0325 0.043333333333333335
2 0.44 0.39 0.04 0.06666666666666667
2 0.36 0.4 0.05 0.08666666666666667
1 0.19875 0.39666666666666667 0.0525 0.07333333333333333
1 0.25 0.5516666666666667 0.04 0.05666666666666667
1 0.28250000000000003 0.3983333333333334 0.05 0.06333333333333334
0 0.06875 0.4366666666666667 0.0325 0.04
0 0.5375 0.4116666666666667 0.05 0.09000000000000001
0 0.78125 0.4766666666666667 0.0425 0.07333333333333333
