0 0.48375 0.2696629213483146 0.0925 0.149812734082397
0 0.9225 0.2958801498127341 0.11 0.12734082397003746
0 0.77125 0.39887640449438205 0.0525 0.10112359550561797
0 0.8475 0.4157303370786517 0.03 0.0898876404494382
0 0.63875 0.5224719101123596 0.0425 0.07116104868913858
0 0.30375 0.5074906367041199 0.0375 0.056179775280898875
0 0.08375 0.44756554307116103 0.0525 0.07865168539325842
0 0.16125 0.50187265917603 0.0325 0.06741573033707865
0 0.225 0.5224719101123596 0.035 0.07116104868913858
0 0.26375 0.5599250936329588 0.0325 0.056179775280898875
