0 0.42625 0.30330882352941174 0.0575 0.10661764705882353
0 0.59875 0.2536764705882353 0.0425 0.08088235294117647
0 0.7025 0.23529411764705882 0.04 0.08823529411764705
0 0.855 0.28125 0.055 0.07720588235294118
0 0.32 0.28125 0.04 0.07720588235294118
0 0.20125 0.2849264705882353 0.0475 0.06985294117647059
0 0.31125 0.21323529411764705 0.0375 0.058823529411764705
0 0.23750000000000002 0.2261029411764706 0.04 0.0625
0 0.65625 0.25183823529411764 0.0325 0.0625
0 0.8925000000000001 0.21875 0.04 0.0625
2 0.77125 0.2610294117647059 0.0575 0.10294117647058823
