0 0.6125 0.42696629213483145 0.095 0.149812734082397
0 0.77625 0.4344569288389513 0.0725 0.0749063670411985
0 0.40625 0.4794007490636704 0.10250000000000001 0.1348314606741573
0 0.35000000000000003 0.7153558052434457 0.13 0.1947565543071161
0 0.03125 0.602996254681648 0.0625 0.12734082397003746
0 0.08375 0.299625468164794 0.0625 0.09737827715355805
0 0.34125 0.2565543071161049 0.0625 0.08614232209737828
0 0.53125 0.23595505617977527 0.0375 0.0898876404494382
0 0.6950000000000001 0.299625468164794 0.06 0.0749063670411985
0 0.79625 0.28464419475655434 0.0625 0.0599250936329588
0 0.9325 0.20599250936329588 0.045 0.0599250936329588
1 0.6687500000000001 0.20224719101123595 0.0525 0.0898876404494382
1 0.885 0.5149812734082397 0.135 0.20599250936329588
2 0.2425 0.3464419475655431 0.08 0.10112359550561797
