0 0.87625 0.8430232558139534 0.1675 0.3062015503875969
0 0.32 0.5174418604651163 0.115 0.1821705426356589
0 0.21125 0.3895348837209302 0.0825 0.1511627906976744
2 0.10125 0.24224806201550386 0.0775 0.1434108527131783
0 0.765 0.25775193798449614 0.095 0.12790697674418605
0 0.47625 0.2926356589147287 0.0725 0.12790697674418605
0 0.55 0.2131782945736434 0.045 0.08527131782945736
0 0.41625 0.2364341085271318 0.0325 0.07751937984496124
0 0.34 0.18604651162790697 0.045 0.07751937984496124
0 0.23500000000000001 0.19573643410852712 0.04 0.08139534883720931
0 0.27 0.19573643410852712 0.04 0.08914728682170542
