0 0.28500000000000003 0.525 0.115 0.18333333333333335
0 0.535 0.44 0.06 0.10666666666666667
0 0.445 0.4516666666666667 0.04 0.06333333333333334
0 0.82625 0.44333333333333336 0.0475 0.08
0 0.0625 0.5816666666666667 0.075 0.11666666666666667
0 0.0825 0.42333333333333334 0.03 0.05333333333333334
0 0.19125 0.42500000000000004 0.0425 0.06333333333333334
0 0.2325 0.36000000000000004 0.035 0.04666666666666667
0 0.74375 0.43333333333333335 0.0375 0.05333333333333334
0 0.88875 0.39333333333333337 0.0275 0.05333333333333334
0 0.11625 0.39 0.0225 0.04666666666666667
0 0.39875 0.3816666666666667 0.0325 0.05
