0 0.715 0.3185840707964602 0.065 0.11504424778761062
0 0.93875 0.21238938053097345 0.0575 0.09734513274336283
0 0.885 0.1902654867256637 0.05 0.08849557522123894
0 0.56125 0.22787610619469026 0.0375 0.09292035398230089
0 0.4425 0.4579646017699115 0.07 0.11061946902654868
0 0.34375 0.2610619469026549 0.0625 0.12389380530973451
0 0.40375 0.22787610619469026 0.0525 0.09292035398230089
0 0.16125 0.26991150442477874 0.0575 0.10619469026548672
0 0.07875 0.22566371681415928 0.0525 0.11504424778761062
0 0.29375 0.17699115044247787 0.0325 0.08849557522123894
0 0.47125 0.23008849557522124 0.0425 0.08849557522123894
0 0.52 0.2079646017699115 0.04 0.11504424778761062
0 0.6062500000000001 0.2610619469026549 0.0375 0.10619469026548672
0 0.6525 0.2942477876106195 0.055 0.13716814159292035
0 0.75875 0.2013274336283186 0.0475 0.10176991150442477
2 0.805 0.2079646017699115 0.045 0.08849557522123894
