0 0.5263671875 0.2485294117647059 0.119140625 0.18529411764705883
0 0.673828125 0.2676470588235294 0.0703125 0.12941176470588234
0 0.888671875 0.43970588235294117 0.13671875 0.14411764705882352
0 0.1669921875 0.39558823529411763 0.146484375 0.22647058823529412
0 0.392578125 0.3529411764705882 0.10546875 0.11176470588235293
0 0.451171875 0.2852941176470588 0.0625 0.10588235294117647
0 0.080078125 0.22941176470588234 0.109375 0.13529411764705881
0 0.810546875 0.27647058823529413 0.07421875 0.11176470588235293
0 0.8857421875 0.22941176470588234 0.064453125 0.1
0 0.8662109375 0.11176470588235293 0.060546875 0.1
2 0.7392578125 0.19117647058823528 0.056640625 0.09411764705882353
2 0.6416015625 0.11176470588235293 0.072265625 0.1
