0 0.50875 0.4688888888888889 0.0725 0.17333333333333334
0 0.6625 0.44 0.065 0.14222222222222222
0 0.73875 0.42444444444444446 0.0625 0.15555555555555556
0 0.88875 0.34 0.0475 0.12
0 0.92625 0.30444444444444446 0.0275 0.08444444444444445
0 0.32875 0.46444444444444444 0.0775 0.14666666666666667
0 0.39 0.3622222222222222 0.055 0.13777777777777778
0 0.27875 0.4311111111111111 0.0275 0.09777777777777778
0 0.07875 0.45111111111111113 0.0725 0.16444444444444445
1 0.78625 0.4822222222222222 0.0625 0.17333333333333334
2 0.9575 0.37333333333333335 0.08 0.16
2 0.70125 0.3244444444444444 0.0575 0.12444444444444444
2 0.57375 0.26666666666666666 0.0575 0.13333333333333333
2 0.5 0.28444444444444444 0.05 0.11555555555555555
2 0.4425 0.3688888888888889 0.06 0.13333333333333333
2 0.185 0.35333333333333333 0.035 0.08444444444444445
