0 0.665 0.3383333333333334 0.17500000000000002 0.21666666666666667
0 0.39125 0.5916666666666667 0.1575 0.26333333333333336
0 0.07 0.8383333333333334 0.14 0.27
0 0.0975 0.29500000000000004 0.105 0.17
0 0.3375 0.30333333333333334 0.13 0.14666666666666667
0 0.53125 0.17500000000000002 0.0975 0.16333333333333333
0 0.7475 0.09333333333333334 0.09 0.14
0 0.87125 0.10166666666666667 0.0775 0.11
0 0.6525 0.07833333333333334 0.075 0.14333333333333334
2 0.9125 0.26166666666666666 0.15 0.21000000000000002
2 0.4375 0.18166666666666667 0.075 0.12333333333333334
0 0.025 0.31 0.045 0.15333333333333335
