0 0.76875 0.44756554307116103 0.0825 0.1310861423220974
0 0.9475 0.5149812734082397 0.065 0.07865168539325842
0 0.37125 0.8033707865168539 0.10250000000000001 0.12359550561797752
0 0.12125 0.601123595505618 0.0725 0.08614232209737828
0 0.24375 0.550561797752809 0.0675 0.0898876404494382
0 0.4675 0.46441947565543074 0.075 0.1198501872659176
0 0.5337500000000001 0.3764044943820225 0.0575 0.09363295880149813
0 0.62625 0.3389513108614232 0.0375 0.08614232209737828
0 0.55875 0.24157303370786518 0.0475 0.07865168539325842
0 0.3525 0.4101123595505618 0.055 0.07116104868913858
0 0.3075 0.5093632958801498 0.05 0.09737827715355805
0 0.155 0.4307116104868914 0.045 0.0898876404494382
0 0.1475 0.3539325842696629 0.03 0.04868913857677903
0 0.14875 0.24906367041198502 0.0325 0.056179775280898875
0 0.08750000000000001 0.3333333333333333 0.035 0.052434456928838954
0 0.07125000000000001 0.27715355805243447 0.0275 0.03745318352059925
0 0.4675 0.21722846441947566 0.035 0.0599250936329588
0 0.3075 0.24906367041198502 0.03 0.06367041198501873
1 0.27125 0.36142322097378277 0.0425 0.056179775280898875
