0 0.13625 0.10176991150442477 0.0675 0.12389380530973451
0 0.02 0.23893805309734512 0.03 0.07964601769911504
0 0.26625 0.32079646017699115 0.0425 0.08407079646017698
0 0.41250000000000003 0.12831858407079647 0.055 0.11504424778761062
0 0.52875 0.15486725663716813 0.0475 0.09734513274336283
0 0.65625 0.2168141592920354 0.0325 0.09734513274336283
0 0.71125 0.21460176991150443 0.0425 0.0752212389380531
0 0.81625 0.2323008849557522 0.0475 0.10176991150442477
0 0.8875000000000001 0.2610619469026549 0.04 0.07964601769911504
0 0.93125 0.2610619469026549 0.0325 0.08849557522123894
1 0.37375 0.3075221238938053 0.0425 0.09292035398230089
