0 0.52625 0.7602996254681648 0.0475 0.09737827715355805
1 0.5975 0.5692883895131087 0.03 0.0599250936329588
1 0.5425 0.5842696629213483 0.04 0.052434456928838954
1 0.50375 0.6872659176029963 0.0475 0.07865168539325842
1 0.41250000000000003 0.6704119850187266 0.035 0.06741573033707865
1 0.45 0.6161048689138577 0.035 0.07116104868913858
1 0.35625 0.5730337078651685 0.0375 0.0599250936329588
1 0.3175 0.6835205992509363 0.035 0.07116104868913858
1 0.26 0.7378277153558053 0.035 0.06741573033707865
1 0.09875 0.7172284644194756 0.0425 0.08614232209737828
2 0.5725 0.9550561797752809 0.055 0.08239700374531836
2 0.0325 0.7078651685393258 0.05 0.0898876404494382
2 0.3175 0.5599250936329588 0.04 0.07865168539325842
1 0.39625 0.5805243445692884 0.0325 0.0749063670411985
2 0.3625 0.6554307116104869 0.035 0.0749063670411985
0 0.61375 0.4812734082397004 0.0225 0.06367041198501873
