0 0.76875 0.449438202247191 0.08750000000000001 0.14232209737827717
0 0.9475 0.5149812734082397 0.065 0.07865168539325842
0 0.46625 0.4550561797752809 0.0825 0.10861423220973783
0 0.37375 0.799625468164794 0.0925 0.14606741573033707
0 0.11375 0.5917602996254682 0.08750000000000001 0.11235955056179775
0 0.2425 0.548689138576779 0.07 0.10112359550561797
0 0.35625 0.41198501872659177 0.0525 0.0599250936329588
0 0.31125 0.5205992509363296 0.0475 0.0749063670411985
0 0.155 0.4363295880149813 0.045 0.07865168539325842
0 0.15 0.352059925093633 0.03 0.052434456928838954
0 0.0925 0.3352059925093633 0.035 0.04868913857677903
0 0.30375 0.24906367041198502 0.0325 0.06367041198501873
0 0.4675 0.2153558052434457 0.04 0.056179775280898875
0 0.5625 0.24906367041198502 0.045 0.07865168539325842
0 0.5387500000000001 0.36891385767790263 0.0525 0.09363295880149813
0 0.6275000000000001 0.34269662921348315 0.04 0.07116104868913858
1 0.2675 0.35580524344569286 0.045 0.06741573033707865
