1 0.125 0.40486725663716816 0.155 0.3230088495575221
0 0.43125 0.588495575221239 0.1375 0.30973451327433627
0 0.6675 0.7610619469026548 0.145 0.2831858407079646
0 0.8225 0.6924778761061947 0.105 0.22566371681415928
0 0.5387500000000001 0.7323008849557522 0.0925 0.2168141592920354
0 0.47500000000000003 0.3230088495575221 0.07 0.1327433628318584
0 0.65125 0.3561946902654867 0.0625 0.17256637168141592
0 0.7212500000000001 0.3163716814159292 0.0625 0.12831858407079647
0 0.50875 0.25 0.0475 0.11946902654867256
0 0.5575 0.19469026548672566 0.05 0.10619469026548672
0 0.6012500000000001 0.06415929203539823 0.0475 0.08407079646017698
0 0.53 0.050884955752212385 0.04 0.08407079646017698
0 0.67375 0.035398230088495575 0.0425 0.07079646017699115
