0 0.4875 0.4010989010989011 0.075 0.13553113553113552
0 0.07 0.6666666666666666 0.12 0.336996336996337
0 0.78 0.4597069597069597 0.075 0.13553113553113552
0 0.92875 0.336996336996337 0.0525 0.10989010989010989
0 0.82375 0.1813186813186813 0.0475 0.08424908424908426
0 0.68 0.12454212454212454 0.075 0.11721611721611722
0 0.34750000000000003 0.163003663003663 0.075 0.12087912087912088
0 0.26 0.1575091575091575 0.065 0.10256410256410256
2 0.41875 0.05311355311355311 0.0525 0.08424908424908426
2 0.52875 0.07509157509157509 0.0375 0.0989010989010989
2 0.585 0.19413919413919414 0.045 0.07326007326007326
2 0.5525 0.2509157509157509 0.05 0.09157509157509157
