0 0.87875 0.29500000000000004 0.0675 0.13
0 0.89 0.155 0.06 0.11
0 0.3425 0.5266666666666667 0.07 0.10666666666666667
0 0.4275 0.5316666666666667 0.07 0.10333333333333335
0 0.165 0.6166666666666667 0.09 0.11333333333333334
0 0.1075 0.5016666666666667 0.08 0.09666666666666668
2 0.2975 0.9383333333333334 0.1 0.11666666666666667
2 0.26625 0.37333333333333335 0.0525 0.07333333333333333
2 0.0675 0.38333333333333336 0.04 0.08
2 0.13125 0.23 0.0275 0.08
2 0.38 0.21333333333333335 0.04 0.08
2 0.5325 0.2016666666666667 0.03 0.07
2 0.68125 0.12666666666666668 0.0675 0.12666666666666668
2 0.75625 0.15333333333333335 0.0425 0.1
2 0.29875 0.15833333333333335 0.0425 0.08333333333333334
2 0.34875 0.2016666666666667 0.0425 0.08333333333333334
2 0.1475 0.030000000000000002 0.045 0.060000000000000005
2 0.28625 0.045000000000000005 0.0425 0.06333333333333334
2 0.0825 0.18666666666666668 0.06 0.08
2 0.0225 0.21000000000000002 0.045 0.08
