0 0.7837500000000001 0.32958801498127344 0.0675 0.10486891385767791
0 0.62375 0.31086142322097376 0.0425 0.09737827715355805
0 0.5275 0.28277153558052437 0.05 0.07116104868913858
0 0.3 0.2303370786516854 0.065 0.10861423220973783
0 0.34750000000000003 0.27153558052434457 0.04 0.08614232209737828
0 0.0925 0.28277153558052437 0.09 0.12359550561797752
0 0.15875 0.2752808988764045 0.0275 0.04868913857677903
2 0.58125 0.23782771535580524 0.0375 0.08614232209737828
2 0.395 0.34831460674157305 0.03 0.0599250936329588
2 0.0325 0.21910112359550563 0.045 0.07865168539325842
