0 0.14375000000000002 0.5299625468164794 0.0675 0.10861423220973783
0 0.44 0.5711610486891385 0.065 0.08614232209737828
0 0.47125 0.3913857677902622 0.0675 0.09363295880149813
0 0.42625 0.29775280898876405 0.0625 0.06367041198501873
2 0.47500000000000003 0.13670411985018727 0.05 0.09363295880149813
0 0.81875 0.14232209737827717 0.0625 0.10486891385767791
0 0.73875 0.052434456928838954 0.0625 0.08239700374531836
2 0.925 0.016853932584269662 0.055 0.033707865168539325
2 0.16875 0.35767790262172283 0.0575 0.08614232209737828
2 0.17500000000000002 0.20786516853932585 0.06 0.07116104868913858
2 0.1075 0.08052434456928839 0.055 0.08614232209737828
2 0.71125 0.41198501872659177 0.0825 0.09737827715355805
2 0.80625 0.28277153558052437 0.0525 0.07116104868913858
