0 0.5700000000000001 0.7777777777777778 0.075 0.14222222222222222
0 0.37625000000000003 0.8955555555555555 0.0775 0.15555555555555556
0 0.12625 0.7266666666666667 0.0725 0.16444444444444445
0 0.04875 0.8377777777777777 0.0925 0.16444444444444445
0 0.17 0.6466666666666666 0.065 0.14666666666666667
0 0.28625 0.36 0.0825 0.14222222222222222
0 0.49625 0.29333333333333333 0.0575 0.11555555555555555
0 0.64375 0.3688888888888889 0.0575 0.09777777777777778
0 0.935 0.5422222222222223 0.095 0.13333333333333333
0 0.89125 0.18222222222222223 0.0825 0.11555555555555555
0 0.75 0.09777777777777778 0.075 0.13333333333333333
0 0.82625 0.03333333333333333 0.0675 0.06666666666666667
0 0.64875 0.09777777777777778 0.0675 0.11555555555555555
0 0.49 0.09333333333333334 0.09 0.11555555555555555
0 0.26 0.10222222222222223 0.065 0.09777777777777778
0 0.0775 0.19777777777777777 0.07 0.1288888888888889
0 0.025 0.15333333333333332 0.03 0.09333333333333334
2 0.10375000000000001 0.36 0.0625 0.12444444444444444
