0 0.095 0.31086142322097376 0.07 0.10486891385767791
0 0.41625 0.26591760299625467 0.0675 0.0898876404494382
0 0.45 0.14794007490636704 0.05 0.08614232209737828
0 0.525 0.1760299625468165 0.05 0.0898876404494382
0 0.76 0.16104868913857678 0.035 0.0749063670411985
0 0.84875 0.21348314606741572 0.0525 0.0898876404494382
0 0.94625 0.19288389513108614 0.0325 0.07116104868913858
1 0.98 0.18726591760299627 0.035 0.09737827715355805
1 0.645 0.1760299625468165 0.05 0.11235955056179775
2 0.6025 0.17228464419475656 0.035 0.0749063670411985
