0 0.34 0.8933333333333333 0.04 0.07111111111111111
0 0.42625 0.8044444444444444 0.0375 0.06222222222222222
0 0.3925 0.7911111111111111 0.03 0.07111111111111111
0 0.39125 0.6888888888888889 0.0275 0.07111111111111111
0 0.495 0.6444444444444445 0.035 0.06222222222222222
0 0.47625 0.5933333333333334 0.0275 0.057777777777777775
0 0.6225 0.5622222222222222 0.035 0.057777777777777775
0 0.72875 0.5977777777777777 0.0275 0.06666666666666667
0 0.75 0.48 0.03 0.05333333333333333
0 0.725 0.43777777777777777 0.025 0.057777777777777775
0 0.69625 0.39555555555555555 0.0275 0.05333333333333333
0 0.63 0.3977777777777778 0.03 0.04888888888888889
0 0.5175 0.48 0.025 0.044444444444444446
0 0.56125 0.37555555555555553 0.0275 0.06666666666666667
0 0.58125 0.34 0.0225 0.04888888888888889
0 0.58375 0.27555555555555555 0.0225 0.044444444444444446
0 0.6625 0.27555555555555555 0.02 0.044444444444444446
0 0.5075000000000001 0.3622222222222222 0.025 0.057777777777777775
0 0.45 0.44222222222222224 0.025 0.057777777777777775
0 0.3775 0.48 0.035 0.06222222222222222
0 0.355 0.3622222222222222 0.025 0.057777777777777775
0 0.38375000000000004 0.2688888888888889 0.0275 0.04888888888888889
0 0.41375 0.15333333333333332 0.0275 0.04888888888888889
0 0.33625 0.15555555555555556 0.0225 0.044444444444444446
0 0.13625 0.3688888888888889 0.0225 0.044444444444444446
0 0.13625 0.5 0.0325 0.04888888888888889
0 0.07625 0.4888888888888889 0.0275 0.05333333333333333
0 0.015 0.5066666666666667 0.025 0.07111111111111111
0 0.63 0.8666666666666667 0.04 0.07111111111111111
0 0.67625 0.9577777777777777 0.0325 0.06666666666666667
0 0.9425 0.9266666666666666 0.04 0.06666666666666667
0 0.9825 0.8977777777777778 0.03 0.05333333333333333
0 0.9812500000000001 0.6622222222222223 0.0325 0.05333333333333333
0 0.9825 0.5711111111111111 0.03 0.057777777777777775
0 0.92125 0.37555555555555553 0.0175 0.04888888888888889
0 0.96375 0.3022222222222222 0.0225 0.044444444444444446
0 0.91125 0.3022222222222222 0.0225 0.05333333333333333
0 0.85 0.2777777777777778 0.025 0.04888888888888889
0 0.8825000000000001 0.2511111111111111 0.025 0.04
0 0.8612500000000001 0.10888888888888888 0.0175 0.04888888888888889
0 0.9075 0.10444444444444445 0.025 0.04
0 0.51625 0.06444444444444444 0.0175 0.04
0 0.5625 0.028888888888888888 0.02 0.04
0 0.445 0.024444444444444446 0.025 0.04888888888888889
0 0.27375 0.07777777777777778 0.0125 0.04
0 0.31 0.044444444444444446 0.025 0.044444444444444446
0 0.27625 0.4022222222222222 0.0225 0.04888888888888889
2 0.14125000000000001 0.2577777777777778 0.0225 0.05333333333333333
2 0.2775 0.26 0.025 0.04888888888888889
2 0.315 0.23777777777777778 0.025 0.04888888888888889
2 0.3575 0.19555555555555557 0.025 0.044444444444444446
2 0.16625 0.7022222222222222 0.0275 0.05333333333333333
2 0.11750000000000001 0.6244444444444445 0.025 0.057777777777777775
2 0.77 0.07111111111111111 0.02 0.035555555555555556
2 0.705 0.06888888888888889 0.015 0.03111111111111111
0 0.8075 0.20444444444444446 0.03 0.044444444444444446
0 0.7625000000000001 0.4066666666666667 0.025 0.04888888888888889
0 0.47750000000000004 0.3088888888888889 0.025 0.057777777777777775
0 0.5275 0.19111111111111112 0.035 0.06222222222222222
0 0.3025 0.6155555555555555 0.03 0.06666666666666667
0 0.27375 0.6755555555555556 0.0375 0.08
2 0.2975 0.4688888888888889 0.03 0.057777777777777775
2 0.22 0.2111111111111111 0.025 0.04
