0 0.5875 0.62 0.14 0.26222222222222225
0 0.74125 0.5533333333333333 0.0825 0.21777777777777776
0 0.8275 0.7622222222222222 0.14 0.27111111111111114
0 0.34 0.6688888888888889 0.125 0.22666666666666666
0 0.49875 0.42666666666666664 0.0475 0.16
0 0.13375 0.36 0.0925 0.18666666666666668
0 0.26 0.18444444444444444 0.05 0.1111111111111111
0 0.02625 0.19555555555555557 0.0525 0.13333333333333333
0 0.115 0.1288888888888889 0.045 0.08
0 0.17250000000000001 0.18888888888888888 0.03 0.1111111111111111
0 0.85 0.2688888888888889 0.055 0.1288888888888889
0 0.895 0.23555555555555555 0.03 0.14222222222222222
0 0.795 0.19333333333333333 0.045 0.10222222222222223
0 0.78 0.10666666666666666 0.05 0.09777777777777778
2 0.14250000000000002 0.8288888888888889 0.125 0.22666666666666666
2 0.2725 0.4088888888888889 0.1 0.1688888888888889
2 0.36 0.3377777777777778 0.07 0.18666666666666668
2 0.58625 0.26222222222222225 0.0475 0.12444444444444444
2 0.47750000000000004 0.10888888888888888 0.045 0.10222222222222223
1 0.45125 0.2911111111111111 0.0675 0.14666666666666667
1 0.645 0.15777777777777777 0.045 0.08444444444444445
2 0.69625 0.04666666666666667 0.0275 0.06666666666666667
1 0.8325 0.07111111111111111 0.04 0.09777777777777778
