0 0.5675 0.43150684931506844 0.085 0.136986301369863
0 0.665 0.6386986301369862 0.145 0.21575342465753422
0 0.79625 0.5342465753424657 0.1625 0.22602739726027396
0 0.9450000000000001 0.4520547945205479 0.06 0.13013698630136986
0 0.92125 0.21404109589041095 0.0525 0.09246575342465753
0 0.82625 0.23972602739726026 0.0775 0.1095890410958904
0 0.6875 0.3476027397260274 0.085 0.13356164383561642
0 0.50625 0.35102739726027393 0.0675 0.09246575342465753
0 0.36125 0.4383561643835616 0.0775 0.136986301369863
0 0.115 0.5154109589041096 0.085 0.11301369863013698
0 0.25625 0.4092465753424657 0.0725 0.09931506849315068
0 0.051250000000000004 0.3613013698630137 0.0625 0.09931506849315068
0 0.2325 0.21746575342465752 0.06 0.08561643835616438
0 0.1375 0.1660958904109589 0.065 0.08561643835616438
0 0.36375 0.1626712328767123 0.0525 0.08561643835616438
0 0.62875 0.18321917808219176 0.0475 0.10616438356164383
