0 0.71 0.7808988764044944 0.045 0.10112359550561797
0 0.9500000000000001 0.7284644194756554 0.05 0.07116104868913858
0 0.795 0.5355805243445693 0.04 0.0749063670411985
0 0.9125 0.6797752808988764 0.035 0.056179775280898875
0 0.89375 0.4868913857677903 0.0375 0.0749063670411985
0 0.545 0.4850187265917603 0.045 0.07116104868913858
0 0.3775 0.8108614232209738 0.055 0.07865168539325842
0 0.25125000000000003 0.8632958801498127 0.0475 0.06367041198501873
0 0.15375 0.9176029962546817 0.0575 0.08239700374531836
0 0.1275 0.7902621722846442 0.055 0.06741573033707865
0 0.17250000000000001 0.5861423220973783 0.05 0.08614232209737828
0 0.15875 0.5093632958801498 0.0475 0.06741573033707865
0 0.1 0.4756554307116105 0.05 0.08239700374531836
0 0.325 0.49625468164794007 0.045 0.08614232209737828
0 0.34125 0.34831460674157305 0.0425 0.0599250936329588
0 0.24 0.3071161048689139 0.045 0.06741573033707865
0 0.105 0.4044943820224719 0.04 0.0449438202247191
0 0.0325 0.352059925093633 0.04 0.06741573033707865
0 0.07875 0.2808988764044944 0.0525 0.0749063670411985
0 0.06625 0.20037453183520598 0.0375 0.06367041198501873
0 0.14375000000000002 0.16292134831460675 0.0425 0.056179775280898875
0 0.0725 0.0655430711610487 0.035 0.056179775280898875
0 0.15375 0.0449438202247191 0.0325 0.0749063670411985
0 0.30625 0.0749063670411985 0.0275 0.052434456928838954
0 0.28 0.15730337078651685 0.035 0.06741573033707865
0 0.30125 0.21722846441947566 0.0375 0.06741573033707865
0 0.59375 0.39325842696629215 0.0275 0.0749063670411985
0 0.43875000000000003 0.5580524344569289 0.0475 0.0898876404494382
0 0.63125 0.24344569288389514 0.0475 0.06741573033707865
0 0.655 0.18164794007490637 0.04 0.07116104868913858
0 0.56 0.1947565543071161 0.04 0.06741573033707865
0 0.525 0.1441947565543071 0.035 0.056179775280898875
0 0.5875 0.10299625468164794 0.04 0.056179775280898875
0 0.49875 0.09550561797752809 0.0325 0.056179775280898875
0 0.42625 0.028089887640449437 0.0425 0.04868913857677903
0 0.8375 0.10486891385767791 0.035 0.0449438202247191
0 0.76625 0.3651685393258427 0.0425 0.08614232209737828
0 0.9550000000000001 0.3389513108614232 0.05 0.04119850187265918
0 0.7837500000000001 0.0449438202247191 0.0275 0.0449438202247191
0 0.8125 0.02059925093632959 0.035 0.04119850187265918
2 0.9187500000000001 0.05805243445692884 0.0275 0.056179775280898875
