1 0.47375 0.18726591760299627 0.0675 0.12734082397003746
2 0.19375 0.28277153558052437 0.0575 0.10861423220973783
2 0.23500000000000001 0.22284644194756553 0.045 0.07865168539325842
2 0.36375 0.24157303370786518 0.0525 0.07865168539325842
0 0.11875000000000001 0.26591760299625467 0.0575 0.09737827715355805
0 0.09 0.19850187265917604 0.06 0.0749063670411985
2 0.0225 0.19662921348314608 0.04 0.07865168539325842
2 0.6012500000000001 0.20224719101123595 0.0325 0.0898876404494382
2 0.7175 0.14794007490636704 0.05 0.08614232209737828
0 0.8512500000000001 0.15355805243445694 0.0675 0.1198501872659176
0 0.93625 0.2902621722846442 0.0475 0.09363295880149813
0 0.70375 0.28277153558052437 0.0525 0.06367041198501873
