0 0.55 0.41150442477876104 0.12 0.22123893805309736
0 0.09375 0.7345132743362832 0.1875 0.34513274336283184
0 0.25875 0.6106194690265486 0.1075 0.22123893805309736
0 0.41375 0.49336283185840707 0.08750000000000001 0.1902654867256637
0 0.74375 0.8893805309734513 0.17250000000000001 0.21238938053097345
0 0.7837500000000001 0.39823008849557523 0.0775 0.16814159292035397
0 0.95125 0.4225663716814159 0.0825 0.16371681415929204
0 0.6525 0.39823008849557523 0.095 0.22123893805309736
0 0.9225 0.17035398230088494 0.06 0.11946902654867256
0 0.86 0.2013274336283186 0.05 0.10176991150442477
0 0.4425 0.08407079646017698 0.035 0.061946902654867256
2 0.67125 0.1327433628318584 0.0525 0.10619469026548672
2 0.6012500000000001 0.12168141592920353 0.0475 0.11061946902654868
2 0.29625 0.35176991150442477 0.0675 0.13716814159292035
2 0.47375 0.3407079646017699 0.0375 0.11504424778761062
