0 0.32 0.72265625 0.16 0.2578125
0 0.075 0.896484375 0.14 0.19921875
0 0.5025000000000001 0.609375 0.095 0.1875
0 0.7075 0.544921875 0.125 0.16796875
0 0.93875 0.4140625 0.10250000000000001 0.09375
0 0.75375 0.1875 0.0425 0.0625
0 0.59 0.150390625 0.04 0.07421875
0 0.42125 0.244140625 0.0425 0.07421875
0 0.56375 0.365234375 0.0525 0.08203125
0 0.31875000000000003 0.228515625 0.0475 0.08203125
0 0.39875 0.115234375 0.0275 0.06640625
0 0.4975 0.1328125 0.035 0.0703125
0 0.19375 0.77734375 0.0775 0.1328125
2 0.4425 0.4453125 0.05 0.09375
2 0.6625 0.19140625 0.045 0.0859375
2 0.84375 0.330078125 0.0425 0.08984375
