0 0.19375 0.4269911504424779 0.0775 0.16371681415929204
0 0.085 0.3274336283185841 0.065 0.1327433628318584
0 0.28 0.25442477876106195 0.045 0.10176991150442477
0 0.35125 0.21460176991150443 0.0675 0.15486725663716813
0 0.42125 0.26769911504424776 0.0425 0.10176991150442477
0 0.46625 0.33628318584070793 0.0575 0.1327433628318584
0 0.54125 0.3407079646017699 0.0675 0.1327433628318584
0 0.6825 0.40929203539823006 0.105 0.16371681415929204
0 0.84375 0.5 0.0975 0.19469026548672566
0 0.8325 0.26769911504424776 0.075 0.15486725663716813
1 0.16625 0.18141592920353983 0.0525 0.08849557522123894
0 0.80125 0.8960176991150443 0.0975 0.19911504424778761
2 0.3975 0.581858407079646 0.16 0.3672566371681416
2 0.46125 0.1570796460176991 0.0475 0.08407079646017698
