0 0.83625 0.2752808988764045 0.0725 0.13857677902621723
0 0.975 0.2696629213483146 0.045 0.12734082397003746
0 0.72 0.3052434456928839 0.045 0.12359550561797752
0 0.61125 0.28464419475655434 0.0675 0.1198501872659176
0 0.4825 0.22659176029962547 0.05 0.09363295880149813
0 0.27375 0.2247191011235955 0.0275 0.06741573033707865
0 0.1925 0.24719101123595505 0.025 0.052434456928838954
0 0.22125 0.27153558052434457 0.0275 0.04868913857677903
0 0.15375 0.25280898876404495 0.0225 0.056179775280898875
0 0.11750000000000001 0.24344569288389514 0.025 0.052434456928838954
2 0.35875 0.2602996254681648 0.0475 0.06367041198501873
