0 0.76875 0.2752808988764045 0.0575 0.09363295880149813
0 0.84875 0.31647940074906367 0.0425 0.07865168539325842
0 0.93375 0.2958801498127341 0.0375 0.06741573033707865
0 0.97 0.28651685393258425 0.025 0.056179775280898875
0 0.6075 0.2303370786516854 0.06 0.09363295880149813
0 0.6925 0.31086142322097376 0.045 0.052434456928838954
0 0.4225 0.301498127340824 0.065 0.08614232209737828
0 0.50375 0.2247191011235955 0.0975 0.15730337078651685
0 0.2625 0.3202247191011236 0.055 0.09363295880149813
0 0.08625000000000001 0.2958801498127341 0.0575 0.0898876404494382
0 0.14625 0.2696629213483146 0.0575 0.08239700374531836
0 0.19625 0.250936329588015 0.0375 0.0599250936329588
0 0.2675 0.22659176029962547 0.035 0.04119850187265918
