0 0.0425 0.20973782771535582 0.085 0.17228464419475656
0 0.23750000000000002 0.350187265917603 0.09 0.16853932584269662
0 0.40875 0.42696629213483145 0.08750000000000001 0.15730337078651685
0 0.5625 0.40823970037453183 0.085 0.1348314606741573
0 0.69875 0.38202247191011235 0.08750000000000001 0.12734082397003746
0 0.8225 0.39887640449438205 0.07 0.10861423220973783
0 0.87375 0.3782771535580524 0.0325 0.10486891385767791
2 0.9275 0.3764044943820225 0.055 0.10112359550561797
2 0.505 0.29213483146067415 0.08 0.1198501872659176
2 0.6375000000000001 0.3445692883895131 0.065 0.1198501872659176
