0 0.75 0.9064748201438849 0.045 0.07194244604316546
0 0.6012500000000001 0.7482014388489209 0.0325 0.05035971223021583
0 0.545 0.8597122302158274 0.04 0.06474820143884892
0 0.41250000000000003 0.9280575539568345 0.04 0.07194244604316546
0 0.2475 0.9352517985611511 0.035 0.07194244604316546
0 0.32375 0.7679856115107914 0.0325 0.0683453237410072
0 0.405 0.7014388489208634 0.035 0.05035971223021583
0 0.37625000000000003 0.6942446043165468 0.0275 0.05035971223021583
0 0.3775 0.6205035971223022 0.03 0.053956834532374105
0 0.47250000000000003 0.5845323741007195 0.03 0.03956834532374101
0 0.45125 0.5359712230215827 0.0325 0.05035971223021583
0 0.7000000000000001 0.5539568345323741 0.03 0.05035971223021583
0 0.93875 0.5953237410071943 0.0325 0.046762589928057555
0 0.9025 0.7913669064748202 0.03 0.05755395683453238
0 0.94125 0.7769784172661871 0.0225 0.05755395683453238
0 0.71625 0.4550359712230216 0.0275 0.046762589928057555
0 0.8775000000000001 0.3669064748201439 0.02 0.04316546762589928
0 0.92 0.31474820143884896 0.025 0.03956834532374101
0 0.81375 0.302158273381295 0.0225 0.04316546762589928
0 0.8462500000000001 0.27697841726618705 0.0225 0.04316546762589928
0 0.43 0.4244604316546763 0.025 0.04316546762589928
0 0.48375 0.36330935251798563 0.0225 0.04316546762589928
0 0.5337500000000001 0.3723021582733813 0.0225 0.046762589928057555
0 0.555 0.3381294964028777 0.02 0.04316546762589928
0 0.26125 0.6061151079136691 0.0325 0.053956834532374105
0 0.29125 0.5557553956834532 0.0275 0.046762589928057555
0 0.1275 0.4712230215827338 0.03 0.04316546762589928
0 0.07125000000000001 0.4550359712230216 0.0175 0.03956834532374101
0 0.01875 0.47482014388489213 0.0225 0.05035971223021583
0 0.26125 0.39388489208633093 0.0225 0.046762589928057555
0 0.34125 0.36510791366906475 0.0175 0.046762589928057555
0 0.3625 0.28597122302158273 0.025 0.046762589928057555
0 0.39375 0.19964028776978418 0.0225 0.03956834532374101
0 0.55875 0.29136690647482016 0.0275 0.03597122302158273
0 0.665 0.37410071942446044 0.02 0.04316546762589928
2 0.1575 0.6294964028776979 0.035 0.04316546762589928
2 0.1125 0.564748201438849 0.025 0.04316546762589928
2 0.29 0.4496402877697842 0.03 0.04316546762589928
2 0.13875 0.28597122302158273 0.0225 0.046762589928057555
0 0.5962500000000001 0.5107913669064749 0.0275 0.05035971223021583
0 0.9425 0.525179856115108 0.03 0.05755395683453238
0 0.73 0.39928057553956836 0.02 0.06474820143884892
0 0.7725 0.23201438848920863 0.025 0.046762589928057555
2 0.3425 0.2338129496402878 0.02 0.04316546762589928
2 0.3 0.2643884892086331 0.02 0.046762589928057555
2 0.2625 0.2841726618705036 0.02 0.03597122302158273
0 0.1275 0.3669064748201439 0.025 0.03597122302158273
