0 0.49 0.3992673992673993 0.075 0.14652014652014653
0 0.7775 0.4633699633699634 0.08 0.1282051282051282
0 0.9237500000000001 0.32967032967032966 0.0675 0.11721611721611722
0 0.82125 0.18315018315018314 0.0475 0.10256410256410256
0 0.68125 0.11904761904761904 0.0625 0.13553113553113552
0 0.06875 0.6776556776556777 0.1275 0.3443223443223443
0 0.3425 0.16666666666666666 0.07 0.1282051282051282
0 0.26 0.16666666666666666 0.07 0.0989010989010989
2 0.5425 0.23992673992673993 0.065 0.10622710622710622
2 0.5875 0.19047619047619047 0.04 0.09523809523809523
2 0.42 0.054945054945054944 0.04 0.08058608058608059
2 0.53125 0.0695970695970696 0.0425 0.11721611721611722
