0 0.615 0.5224719101123596 0.07 0.10112359550561797
0 0.4525 0.5543071161048689 0.07 0.12734082397003746
0 0.11125 0.4157303370786517 0.0725 0.10486891385767791
0 0.265 0.45692883895131087 0.055 0.08239700374531836
0 0.6225 0.3707865168539326 0.045 0.0749063670411985
0 0.7725 0.45131086142322097 0.04 0.07865168539325842
0 0.8612500000000001 0.4157303370786517 0.0425 0.0749063670411985
1 0.83125 0.5711610486891385 0.0675 0.11610486891385768
2 0.48875 0.3951310861423221 0.0475 0.07865168539325842
0 0.19125 0.43258426966292135 0.0325 0.06367041198501873
