0 0.875 0.3352059925093633 0.07 0.10112359550561797
0 0.92875 0.36329588014981273 0.0375 0.0898876404494382
0 0.7000000000000001 0.30337078651685395 0.075 0.1198501872659176
0 0.33875 0.42696629213483145 0.0575 0.11235955056179775
0 0.18375 0.4400749063670412 0.0575 0.08614232209737828
0 0.02 0.4737827715355805 0.04 0.09363295880149813
0 0.28375 0.4101123595505618 0.0425 0.08614232209737828
0 0.08875 0.449438202247191 0.0375 0.06741573033707865
2 0.25125000000000003 0.46441947565543074 0.0575 0.0898876404494382
2 0.40375 0.48876404494382025 0.0525 0.07865168539325842
2 0.64 0.4213483146067416 0.04 0.08614232209737828
0 0.605 0.4307116104868914 0.04 0.06741573033707865
0 0.9875 0.36329588014981273 0.02 0.08239700374531836
