0 0.4975 0.41632653061224495 0.055 0.1142857142857143
0 0.51125 0.7244897959183674 0.0625 0.11020408163265308
0 0.56875 0.8081632653061225 0.0825 0.1142857142857143
0 0.375 0.9183673469387756 0.07 0.1142857142857143
0 0.04875 0.8673469387755103 0.0825 0.12653061224489798
0 0.12625 0.7795918367346939 0.0725 0.1142857142857143
0 0.17 0.7040816326530613 0.05 0.10204081632653061
0 0.28500000000000003 0.4938775510204082 0.075 0.08979591836734695
0 0.2625 0.25510204081632654 0.05 0.10204081632653061
0 0.0825 0.34693877551020413 0.05 0.08979591836734695
0 0.3 0.06938775510204082 0.065 0.10612244897959185
0 0.65625 0.26734693877551025 0.0625 0.10204081632653061
0 0.74375 0.2510204081632653 0.0725 0.11836734693877551
0 0.8925000000000001 0.3285714285714286 0.065 0.10204081632653061
0 0.82125 0.18775510204081636 0.0475 0.08979591836734695
0 0.8225 0.08571428571428572 0.05 0.08979591836734695
0 0.49625 0.1326530612244898 0.0625 0.07755102040816328
0 0.01875 0.2979591836734694 0.0275 0.08979591836734695
2 0.10250000000000001 0.47755102040816333 0.075 0.0816326530612245
2 0.07875 0.04693877551020409 0.0475 0.08571428571428572
0 0.63875 0.4938775510204082 0.0625 0.08979591836734695
0 0.9325 0.6183673469387756 0.085 0.11020408163265308
0 0.49125 0.2612244897959184 0.08750000000000001 0.08979591836734695
