0 0.7175 0.6822222222222222 0.105 0.22666666666666666
0 0.8562500000000001 0.2511111111111111 0.1125 0.17333333333333334
0 0.675 0.25555555555555554 0.065 0.1288888888888889
0 0.53625 0.10444444444444445 0.0525 0.1288888888888889
1 0.30625 0.4711111111111111 0.08750000000000001 0.18666666666666668
1 0.47125 0.44666666666666666 0.1375 0.22666666666666666
1 0.1275 0.8133333333333334 0.1 0.20444444444444446
2 0.4925 0.06222222222222222 0.035 0.07111111111111111
2 0.38875 0.18222222222222223 0.0675 0.09777777777777778
2 0.1375 0.16444444444444445 0.07 0.13333333333333333
2 0.195 0.3511111111111111 0.065 0.11555555555555555
2 0.3425 0.05333333333333333 0.03 0.07111111111111111
