0 0.95375 0.30143540669856456 0.0525 0.09569377990430622
0 0.83375 0.33253588516746413 0.0475 0.09090909090909091
0 0.7425 0.2942583732057416 0.04 0.08133971291866028
0 0.65375 0.30143540669856456 0.0475 0.07655502392344497
0 0.56625 0.2511961722488038 0.0425 0.08133971291866028
0 0.43875000000000003 0.2583732057416268 0.0475 0.09569377990430622
0 0.3325 0.23444976076555024 0.035 0.08612440191387559
0 0.275 0.18660287081339713 0.04 0.08612440191387559
0 0.2275 0.27990430622009566 0.05 0.09090909090909091
0 0.1325 0.2727272727272727 0.05 0.09569377990430622
0 0.02625 0.2607655502392344 0.0475 0.11004784688995214
