0 0.41125 0.3283018867924528 0.0825 0.13584905660377358
0 0.25625 0.739622641509434 0.2275 0.3320754716981132
0 0.5475 0.6660377358490566 0.23 0.33584905660377357
0 0.7887500000000001 0.5339622641509434 0.11750000000000001 0.24528301886792453
0 0.625 0.38113207547169814 0.1 0.1660377358490566
0 0.9550000000000001 0.269811320754717 0.085 0.17735849056603772
0 0.94375 0.12641509433962264 0.10250000000000001 0.13962264150943396
0 0.4975 0.22830188679245284 0.08 0.12452830188679245
0 0.355 0.18867924528301888 0.05 0.09811320754716982
2 0.2325 0.11509433962264151 0.06 0.07924528301886792
2 0.82875 0.22264150943396227 0.0725 0.15849056603773584
1 0.11750000000000001 0.22830188679245284 0.14 0.22264150943396227
