0 0.445 0.46734693877551026 0.065 0.09387755102040818
0 0.7125 0.35510204081632657 0.05 0.10612244897959185
0 0.65375 0.3122448979591837 0.0475 0.07755102040816328
0 0.07625 0.2571428571428572 0.0675 0.1142857142857143
0 0.165 0.30408163265306126 0.065 0.09387755102040818
0 0.34375 0.28979591836734697 0.0625 0.1142857142857143
0 0.4025 0.26734693877551025 0.045 0.09387755102040818
0 0.4675 0.2653061224489796 0.05 0.0816326530612245
0 0.5225 0.25510204081632654 0.04 0.10204081632653061
0 0.5625 0.2612244897959184 0.055 0.0979591836734694
0 0.9375 0.2510204081632653 0.06 0.07755102040816328
0 0.87875 0.22653061224489798 0.0475 0.09387755102040818
0 0.755 0.23877551020408166 0.045 0.08571428571428572
0 0.61125 0.2938775510204082 0.0375 0.0816326530612245
0 0.29125 0.22448979591836737 0.0425 0.07346938775510205
2 0.8025 0.2510204081632653 0.04 0.06938775510204082
