0 0.9275 0.4444444444444444 0.115 0.1532567049808429
0 0.7937500000000001 0.32567049808429116 0.0675 0.11494252873563218
0 0.6950000000000001 0.3524904214559387 0.08 0.14559386973180075
0 0.80625 0.16858237547892718 0.0425 0.07662835249042145
0 0.58 0.34099616858237547 0.07 0.10727969348659003
0 0.41125 0.22988505747126436 0.0525 0.08429118773946359
0 0.5175 0.2567049808429119 0.055 0.09961685823754789
0 0.4525 0.2222222222222222 0.035 0.07662835249042145
0 0.48875 0.20881226053639845 0.0375 0.07279693486590037
0 0.26625 0.23946360153256704 0.0425 0.10344827586206896
0 0.185 0.22413793103448273 0.05 0.09578544061302681
0 0.03875 0.26628352490421453 0.0675 0.09578544061302681
2 0.6725 0.20306513409961685 0.06 0.09961685823754789
0 0.52375 0.15708812260536398 0.0375 0.053639846743295014
