0 0.84 0.15730337078651685 0.085 0.1348314606741573
0 0.93625 0.2940074906367041 0.0525 0.08614232209737828
0 0.6475 0.18164794007490637 0.055 0.07116104868913858
0 0.7000000000000001 0.2883895131086142 0.05 0.0599250936329588
0 0.08625000000000001 0.19850187265917604 0.0375 0.0599250936329588
1 0.11750000000000001 0.2808988764044944 0.06 0.0749063670411985
1 0.47375 0.1891385767790262 0.0825 0.12359550561797752
2 0.7212500000000001 0.149812734082397 0.0475 0.08239700374531836
2 0.59875 0.20037453183520598 0.0475 0.08614232209737828
2 0.36625 0.2397003745318352 0.0475 0.0749063670411985
2 0.19 0.2808988764044944 0.05 0.10486891385767791
2 0.23375 0.2247191011235955 0.0375 0.0749063670411985
2 0.0225 0.19101123595505617 0.04 0.0898876404494382
