0 0.45375 0.4133333333333334 0.1075 0.15333333333333335
0 0.665 0.5366666666666667 0.115 0.16666666666666669
0 0.9137500000000001 0.45333333333333337 0.1075 0.14666666666666667
0 0.57375 0.6033333333333334 0.0775 0.16
0 0.09875 0.5533333333333333 0.0725 0.12000000000000001
2 0.37375 0.19166666666666668 0.0975 0.11
2 0.0375 0.18833333333333335 0.075 0.1366666666666667
2 0.18875 0.7866666666666667 0.11750000000000001 0.18666666666666668
2 0.0375 0.6933333333333334 0.075 0.17333333333333334
2 0.93375 0.915 0.1125 0.16333333333333333
2 0.6062500000000001 0.02666666666666667 0.0925 0.05333333333333334
