0 0.4425 0.5577777777777778 0.085 0.1111111111111111
0 0.56875 0.30666666666666664 0.0525 0.10666666666666666
0 0.34500000000000003 0.34 0.06 0.1288888888888889
0 0.4025 0.3088888888888889 0.05 0.1111111111111111
0 0.16375 0.3466666666666667 0.0525 0.11555555555555555
0 0.07875 0.30444444444444446 0.0575 0.12
0 0.47000000000000003 0.31777777777777777 0.05 0.07555555555555556
0 0.51875 0.3 0.0475 0.1111111111111111
0 0.29375 0.26 0.0375 0.08444444444444445
0 0.3575 0.2644444444444444 0.04 0.10222222222222223
0 0.71125 0.3977777777777778 0.0525 0.13777777777777778
0 0.65125 0.37777777777777777 0.0425 0.11555555555555555
0 0.6125 0.3488888888888889 0.045 0.09333333333333334
0 0.94125 0.29777777777777775 0.0475 0.09777777777777778
0 0.88875 0.2733333333333333 0.0575 0.1111111111111111
0 0.75875 0.29555555555555557 0.0475 0.09333333333333334
0 0.84 0.2866666666666667 0.02 0.04888888888888889
2 0.80375 0.29555555555555557 0.0375 0.06666666666666667
