0 0.485 0.44569288389513106 0.065 0.10486891385767791
0 0.54875 0.3389513108614232 0.0425 0.07865168539325842
0 0.67 0.4288389513108614 0.045 0.07865168539325842
0 0.75875 0.4850187265917603 0.0475 0.07865168539325842
0 0.8612500000000001 0.5636704119850188 0.0575 0.1310861423220974
0 0.24375 0.6235955056179775 0.0775 0.1310861423220974
0 0.10625 0.8838951310861424 0.1475 0.2247191011235955
0 0.07375 0.5168539325842697 0.0925 0.1947565543071161
0 0.34125 0.34831460674157305 0.0475 0.0749063670411985
1 0.2775 0.39325842696629215 0.05 0.11235955056179775
