0 0.4175 0.2696629213483146 0.055 0.08239700374531836
0 0.45125 0.14606741573033707 0.0425 0.0898876404494382
0 0.52375 0.18164794007490637 0.0525 0.10112359550561797
0 0.75875 0.16292134831460675 0.0475 0.07116104868913858
0 0.8562500000000001 0.21722846441947566 0.0525 0.06741573033707865
0 0.94625 0.1947565543071161 0.0325 0.06741573033707865
0 0.09875 0.31647940074906367 0.0575 0.11610486891385768
1 0.9775 0.1947565543071161 0.04 0.0749063670411985
1 0.6425 0.1853932584269663 0.065 0.10861423220973783
2 0.6025 0.1704119850187266 0.035 0.07116104868913858
