0 0.5650000000000001 0.3129496402877698 0.06 0.07194244604316546
0 0.82625 0.329136690647482 0.0575 0.08273381294964029
0 0.90125 0.26798561151079137 0.0425 0.08273381294964029
0 0.7575000000000001 0.23201438848920863 0.055 0.07553956834532374
0 0.71125 0.2302158273381295 0.0325 0.05755395683453238
0 0.61875 0.21223021582733814 0.0475 0.07913669064748202
1 0.46875 0.2733812949640288 0.0375 0.07194244604316546
0 0.39625 0.26798561151079137 0.0375 0.0683453237410072
0 0.3075 0.2248201438848921 0.045 0.09712230215827339
0 0.23750000000000002 0.22302158273381295 0.05 0.08633093525179857
0 0.0375 0.23201438848920863 0.055 0.08992805755395684
0 0.09 0.2751798561151079 0.035 0.07553956834532374
