0 0.08750000000000001 0.6444444444444445 0.135 0.3288888888888889
0 0.3225 0.37777777777777777 0.035 0.08888888888888889
0 0.40125 0.39555555555555555 0.0425 0.08888888888888889
0 0.54625 0.3111111111111111 0.0325 0.08
0 0.70125 0.3511111111111111 0.0275 0.08
0 0.88375 0.3088888888888889 0.20750000000000002 0.3244444444444444
0 0.6375000000000001 0.33555555555555555 0.035 0.03111111111111111
0 0.4875 0.36 0.02 0.05333333333333333
2 0.7312500000000001 0.3 0.0225 0.04
0 0.43875000000000003 0.35333333333333333 0.0175 0.03111111111111111
0 0.13125 0.40444444444444444 0.0175 0.044444444444444446
